0.10465116279069768	0.24916943521594684	0.15033222591362128	0.3588039867109635	0.41943521594684385	0.22259136212624583	0.22508305647840532	
0.24916943521594684	0.3770764119601329	0.3654485049833887	0.39368770764119604	0.32641196013289037	0.15448504983388706	0.07142857142857142	
0.15033222591362128	0.3654485049833887	0.4950166112956811	0.4983388704318937	0.42358803986710963	0.12458471760797342	0.03156146179401993	
0.3588039867109635	0.39368770764119604	0.4983388704318937	0.5415282392026578	0.45348837209302323	0.2666112956810631	0.13870431893687707	
0.41943521594684385	0.32641196013289037	0.42358803986710963	0.45348837209302323	0.3704318936877076	0.20930232558139536	0.1079734219269103	
0.22259136212624583	0.15448504983388706	0.12458471760797342	0.2666112956810631	0.20930232558139536	0.1777408637873754	0.10548172757475083	
0.22508305647840532	0.07142857142857142	0.03156146179401993	0.13870431893687707	0.1079734219269103	0.10548172757475083	0.14451827242524917	
